00000000000000000
00011111111111100
00010000100000100
00020000100000100
00010000100000100
00011111111111111
00010000100100000
00010000100100000
00011111100111100
00000000100000300
00000000100000300
00000000100333333
00000000100300055
00000000100304444
67777777133304444
00000000100304444
00000000100300000
00000000100333333
00000000100300000
00000000100300000
00011111111111100
00010000100000100
00010000100000100
00021100111111133
00000100100100000
00000100100100000
00011111100111100
00010000000000100
00010000000000100
00011111111111111
00000000000000000